  0.389711410      0.224509493    
  0.779422820      0.448037982    
   1.16913426      0.670585513    
   1.55884564      0.892151952    
   1.94855702       1.11273742    
   2.33826852       1.33234203    
   2.72797990       1.55096555    
   3.11769128       1.76860797    
   3.50740266       1.98526931    
   3.89711404       2.20094967    
   4.28682566       2.41564941    
   4.67653704       2.62936807    
   5.06624842       2.84210539    
   5.45595980       3.05386209    
   5.84567070       3.26463723    
   6.23538256       3.47443199    
   6.62509441       3.68324566    
   7.01480532       3.89107776    
   7.40451670       4.09792948    
   7.79422808       4.30379963    
   8.18393993       4.50868940    
   8.57365131       4.71259785    
   8.96336174       4.91552544    
   9.35307407       5.11747217    
   9.74278545       5.31843758    
   10.1324968       5.51842213    
   10.5222073       5.71742535    
   10.9119196       5.91544819    
   11.3016310       6.11248922    
   11.6913414       6.30854940    
   12.0810537       6.50362921    
   12.4707651       6.69772768    
   12.8604765       6.89084530    
   13.2501888       7.08298206    
   13.6398993       7.27413750    
   14.0296106       7.46431160    
   14.4193230       7.65350533    
   14.8090334       7.84171820    
   15.1987448       8.02894878    
   15.5884562       8.21519947    
   15.9781675       8.40046978    
   16.3678799       8.58475780    
   16.7575893       8.76806450    
   17.1473026       8.95039177    
   17.5370140       9.13173771    
   17.9267235       9.31210136    
   18.3164368       9.49148560    
   18.7061481       9.66988850    
   19.0958595       9.84730911    
   19.4855709       10.0237503    
   19.8752823       10.1992092    
   20.2649937       10.3736877    
   20.6547031       10.5471849    
   21.0444145       10.7197018    
   21.4341278       10.8912373    
   21.8238392       11.0617924    
   22.2135506       11.2313652    
   22.6032619       11.3999577    
   22.9929733       11.5675697    
   23.3826828       11.7341995    
   23.7723980       11.8998499    
   24.1621075       12.0645180    
   24.5518188       12.2282057    
   24.9415302       12.3909111    
   25.3312416       12.5526371    
   25.7209530       12.7133818    
   26.1106625       12.8731441    
   26.5003777       13.0319281    
   26.8900871       13.1897287    
   27.2797985       13.3465500    
   27.6695099       13.5023890    
   28.0592213       13.6572475    
   28.4489326       13.8111248    
   28.8386459       13.9640217    
   29.2283554       14.1159372    
   29.6180668       14.2668724    
   30.0077782       14.4168243    
   30.3974895       14.5657978    
   30.7872009       14.7137890    
   31.1769123       14.8607979    
   31.5666256       15.0068302    
   31.9563351       15.1518784    
   32.3460464       15.2959442    
   32.7357597       15.4390316    
   33.1254692       15.5811377    
   33.5151787       15.7222605    
   33.9048920       15.8624058    
   34.2946053       16.0015678    
   34.6843147       16.1397495    
   35.0740280       16.2769508    
   35.4637375       16.4131680    
   35.8534470       16.5484066    
   36.2431641       16.6826649    
   36.6328735       16.8159409    
   37.0225830       16.9482384    
   37.4122963       17.0795517    
   37.8020058       17.2098846    
   38.1917191       17.3392372    
   38.5814285       17.4676094    
   38.9711418       17.5949993    
   39.3608513       17.7214088    
   39.7505646       17.8468361    
   40.1402740       17.9712849    
   40.5299873       18.0947514    
   40.9196968       18.2172356    
   41.3094063       18.3387413    
   41.6991196       18.4592648    
   42.0888290       18.5788078    
   42.4785461       18.6973705    
   42.8682556       18.8149490    
   43.2579689       18.9315491    
   43.6476784       19.0471687    
   44.0373917       19.1618042    
   44.4271011       19.2754612    
   44.8168106       19.3881378    
   45.2065239       19.4998302    
   45.5962334       19.6105442    
   45.9859467       19.7202778    
   46.3756561       19.8290272    
   46.7653656       19.9367981    
   47.1550789       20.0435886    
   47.5447960       20.1493988    
   47.9345055       20.2542267    
   48.3242149       20.3580704    
   48.7139282       20.4609375    
   49.1036377       20.5628223    
   49.4933510       20.6637249    
   49.8830605       20.7636471    
   50.2727699       20.8625889    
   50.6624832       20.9605484    
   51.0521927       21.0575294    
   51.4419060       21.1535263    
   51.8316154       21.2485466    
   52.2213249       21.3425789    
   52.6110420       21.4356365    
   53.0007553       21.5277119    
   53.3904648       21.6188049    
   53.7801743       21.7089157    
   54.1698875       21.7980499    
   54.5595970       21.8862000    
   54.9493103       21.9733696    
   55.3390198       22.0595570    
   55.7287292       22.1447639    
   56.1184425       22.2289906    
   56.5081520       22.3122387    
   56.8978653       22.3945007    
   57.2875748       22.4757843    
   57.6772919       22.5560875    
   58.0670013       22.6354103    
   58.4567108       22.7137489    
   58.8464241       22.7911072    
   59.2361336       22.8674889    
   59.6258469       22.9428844    
   60.0155563       23.0172997    
   60.4052696       23.0907364    
   60.7949791       23.1631908    
   61.1846886       23.2346630    
   61.5744019       23.3051567    
   61.9641113       23.3746681    
   62.3538246       23.4431973    
   62.7435379       23.5107460    
   63.1332512       23.5773182    
   63.5229607       23.6429043    
   63.9126701       23.7075138    
   64.3023834       23.7711372    
   64.6920929       23.8337784    
   65.0818024       23.8954468    
   65.4715195       23.9561272    
   65.8612289       24.0158272    
   66.2509384       24.0745506    
   66.6406479       24.1322880    
   67.0303574       24.1890450    
   67.4200745       24.2448235    
   67.8097839       24.2996216    
   68.1995010       24.3534355    
   68.5892105       24.4062691    
   68.9789200       24.4581261    
   69.3686295       24.5089989    
   69.7583389       24.5588875    
   70.1480560       24.6077995    
   70.5377655       24.6557293    
   70.9274750       24.7026749    
   71.3171844       24.7486458    
   71.7068939       24.7936306    
   72.0966110       24.8376350    
   72.4863281       24.8806591    
   72.8760376       24.9227047    
   73.2657471       24.9637661    
   73.6554565       25.0038509    
   74.0451660       25.0429497    
   74.4348831       25.0810680    
   74.8245926       25.1182079    
   75.2143021       25.1543655    
   75.6040115       25.1895390    
   75.9937210       25.2237396    
   76.3834381       25.2569504    
   76.7731476       25.2891827    
   77.1628571       25.3204384    
   77.5525742       25.3507099    
   77.9422836       25.3799992    
   78.3319931       25.4083061    
   78.7217026       25.4356384    
   79.1114197       25.4619846    
   79.5011292       25.4873505    
   79.8908386       25.5117378    
   80.2805481       25.5351391    
   80.6702576       25.5575638    
   81.0599747       25.5790081    
   81.4496841       25.5994682    
   81.8393936       25.6189480    
   82.2291031       25.6374493    
   82.6188126       25.6549664    
   83.0085297       25.6715031    
   83.3982391       25.6870632    
   83.7879486       25.7016354    
   84.1776581       25.7152328    
   84.5673752       25.7278461    
   84.9570923       25.7394791    
   85.3468018       25.7501278    
   85.7365112       25.7597980    
   86.1262283       25.7684898    
   86.5159378       25.7761955    
   86.9056473       25.7829227    
   87.2953568       25.7886715    
   87.6850662       25.7934380    
   88.0747833       25.7972202    
   88.4644928       25.8000240    
   88.8542023       25.8018475    
   89.2439117       25.8026867    
   89.6336212       25.8025513    
   90.0233383       25.8014278    
   90.4130478       25.7993240    
   90.8027573       25.7962456    
   91.1924667       25.7921810    
   91.5821762       25.7871361    
   91.9718933       25.7811127    
   92.3616028       25.7741032    
   92.7513123       25.7661152    
   93.1410217       25.7571487    
   93.5307312       25.7472000    
   93.9204483       25.7362709    
   94.3101578       25.7243576    
   94.6998672       25.7114639    
   95.0895920       25.6975918    
   95.4793015       25.6827335    
   95.8690109       25.6669025    
   96.2587204       25.6500835    
   96.6484299       25.6322842    
   97.0381470       25.6135101    
   97.4278564       25.5937481    
   97.8175659       25.5730076    
   98.2072754       25.5512886    
   98.5969849       25.5285835    
   98.9867020       25.5049000    
   99.3764114       25.4802361    
   99.7661209       25.4545898    
   100.155830       25.4279633    
   100.545540       25.4003563    
   100.935257       25.3717690    
   101.324966       25.3421974    
   101.714676       25.3116493    
   102.104385       25.2801170    
   102.494095       25.2476006    
   102.883812       25.2141113    
   103.273521       25.1796341    
   103.663231       25.1441841    
   104.052940       25.1077461    
   104.442650       25.0703239    
   104.832375       25.0319290    
   105.222084       24.9925461    
   105.611794       24.9521866    
   106.001511       24.9108467    
   106.391220       24.8685226    
   106.780930       24.8252220    
   107.170639       24.7809372    
   107.560349       24.7356682    
   107.950066       24.6894264    
   108.339775       24.6421967    
   108.729485       24.5939865    
   109.119194       24.5447998    
   109.508904       24.4946289    
   109.898621       24.4434776    
   110.288330       24.3913460    
   110.678040       24.3382301    
   111.067749       24.2841377    
   111.457458       24.2290611    
   111.847176       24.1730042    
   112.236885       24.1159668    
   112.626595       24.0579453    
   113.016304       23.9989548    
   113.406013       23.9389687    
   113.795731       23.8780098    
   114.185440       23.8160629    
   114.575150       23.7531395    
   114.964867       23.6892357    
   115.354584       23.6243477    
   115.744293       23.5584793    
   116.134003       23.4916382    
   116.523712       23.4238091    
   116.913422       23.3549995    
   117.303139       23.2852058    
   117.692848       23.2144318    
   118.082558       23.1426888    
   118.472267       23.0699539    
   118.861984       22.9962349    
   119.251694       22.9215393    
   119.641403       22.8458633    
   120.031113       22.7692032    
   120.420822       22.6915703    
   120.810539       22.6129494    
   121.200249       22.5333481    
   121.589958       22.4527664    
   121.979668       22.3712044    
   122.369377       22.2886581    
   122.759094       22.2051392    
   123.148804       22.1206322    
   123.538513       22.0351448    
   123.928223       21.9486771    
   124.317932       21.8612251    
   124.707649       21.7727966    
   125.097366       21.6833878    
   125.487076       21.5929909    
   125.876785       21.5016251    
   126.266502       21.4092712    
   126.656212       21.3159332    
   127.045921       21.2216187    
   127.435631       21.1263199    
   127.825340       21.0300522    
   128.215057       20.9327888    
   128.604767       20.8345490    
   128.994476       20.7353287    
   129.384186       20.6351204    
   129.773895       20.5339394    
   130.163605       20.4317856    
   130.553314       20.3286400    
   130.943039       20.2245102    
   131.332748       20.1194038    
   131.722458       20.0133171    
   132.112167       19.9062424    
   132.501877       19.7982025    
   132.891586       19.6891708    
   133.281296       19.5791550    
   133.671005       19.4681625    
   134.060715       19.3561897    
   134.450439       19.2432365    
   134.840149       19.1292992    
   135.229858       19.0143776    
   135.619568       18.8984871    
   136.009293       18.7816086    
   136.399002       18.6637459    
   136.788712       18.5449066    
   137.178421       18.4250832    
   137.568130       18.3042831    
   137.957840       18.1825027    
   138.347549       18.0597382    
   138.737259       17.9359932    
   139.126968       17.8112602    
   139.516678       17.6855545    
   139.906403       17.5588722    
   140.296112       17.4311981    
   140.685822       17.3025475    
   141.075531       17.1729202    
   141.465240       17.0422974    
   141.854950       16.9107056    
   142.244659       16.7781372    
   142.634369       16.6445847    
   143.024078       16.5100403    
   143.413788       16.3745270    
   143.803513       16.2380295    
   144.193222       16.1005478    
   144.582932       15.9620895    
   144.972656       15.8226395    
   145.362366       15.6822281    
   145.752075       15.5408173    
   146.141785       15.3984299    
   146.531494       15.2550659    
   146.921204       15.1107254    
   147.310913       14.9654007    
   147.700623       14.8190918    
   148.090332       14.6717987    
   148.480042       14.5235214    
   148.869766       14.3742752    
   149.259476       14.2240448    
   149.649185       14.0728302    
   150.038895       13.9206390    
   150.428604       13.7674637    
   150.818314       13.6133041    
   151.208023       13.4581604    
   151.597733       13.3020477    
   151.987442       13.1449585    
   152.377151       12.9868698    
   152.766876       12.8278046    
   153.156586       12.6677628    
   153.546295       12.5067368    
   153.936005       12.3447342    
   154.325714       12.1817551    
   154.715439       12.0177765    
   155.105148       11.8528366    
   155.494858       11.6869049    
   155.884567       11.5199966    
   156.274261       11.3521042    
   156.663986       11.1832275    
   157.053696       11.0133896    
   157.443405       10.8425522    
   157.833115       10.6707382    
   158.222839       10.4979401    
   158.612534       10.3241653    
   159.002258       10.1494064    
   159.391953       9.97367096    
   159.781677       9.79695129    
   160.171402       9.61924744    
   160.561096       9.44055939    
   160.950821       9.26089478    
   161.340515       9.08026123    
   161.730240       8.89862823    
   162.119949       8.71603394    
   162.509659       8.53244019    
   162.899368       8.34787750    
   163.289093       8.16233063    
   163.678787       7.97579956    
   164.068512       7.78828430    
   164.458206       7.59980011    
   164.847931       7.41032410    
   165.237625       7.21987152    
   165.627350       7.02843475    
   166.017059       6.83602142    
   166.406769       6.64261627    
   166.796478       6.44825745    
   167.186203       6.25289154    
   167.575897       6.05654907    
   167.965622       5.85923004    
   168.355316       5.66093445    
   168.745041       5.46163940    
   169.134750       5.26139069    
   169.524460       5.06014252    
   169.914185       4.85791016    
   170.303879       4.65470123    
   170.693604       4.45050812    
   171.083313       4.24534607    
   171.473022       4.03919220    
   171.862732       3.83206940    
   172.252457       3.62395477    
   172.642151       3.41486359    
   173.031876       3.20478058    
   173.421570       2.99373627    
   173.811295       2.78169250    
   174.200989       2.56868744    
   174.590714       2.35468292    
   174.980423       2.13970947    
   175.370132       1.92375183    
   175.759842       1.70681000    
   176.149567       1.48888397    
   176.539261       1.26998901    
   176.928986       1.05009460    
   177.318680      0.829238892    
   177.708405      0.607391357    
   178.098099      0.384567261    
   178.487823      0.160751343    
   178.877533      -6.40258789E-02
