  0.219999969      0.380560696    
  0.439999938      0.760140359    
  0.659999907       1.13873899    
  0.879999876       1.51635671    
   1.09999979       1.89299333    
   1.31999981       2.26864910    
   1.53999984       2.64332366    
   1.75999975       3.01701736    
   1.97999978       3.38972998    
   2.19999957       3.76146150    
   2.41999984       4.13221264    
   2.63999963       4.50198221    
   2.85999966       4.87077093    
   3.07999969       5.23857832    
   3.29999948       5.60540485    
   3.51999950       5.97125101    
   3.73999977       6.33611536    
   3.95999956       6.69999886    
   4.17999935       7.06290150    
   4.39999914       7.42482328    
   4.61999941       7.78576374    
   4.83999968       8.14572430    
   5.05999947       8.50470161    
   5.27999926       8.86270046    
   5.49999952       9.21971703    
   5.71999931       9.57575226    
   5.93999910       9.93080616    
   6.15999937       10.2848806    
   6.37999916       10.6379728    
   6.59999895       10.9900846    
   6.81999969       11.3412161    
   7.03999901       11.6913662    
   7.25999880       12.0405331    
   7.47999954       12.3887215    
   7.69999933       12.7359285    
   7.91999912       13.0821543    
   8.13999939       13.4273996    
   8.35999870       13.7716618    
   8.57999897       14.1149445    
   8.79999828       14.4572468    
   9.01999950       14.7985678    
   9.23999882       15.1389065    
   9.45999908       15.4782658    
   9.67999935       15.8166447    
   9.89999866       16.1540394    
   10.1199989       16.4904556    
   10.3399992       16.8258896    
   10.5599985       17.1603451    
   10.7799988       17.4938164    
   10.9999990       17.8263092    
   11.2199984       18.1578178    
   11.4399986       18.4883499    
   11.6599979       18.8178959    
   11.8799982       19.1464634    
   12.0999994       19.4740524    
   12.3199987       19.8006573    
   12.5399990       20.1262836    
   12.7599983       20.4509258    
   12.9799986       20.7745895    
   13.1999979       21.0972691    
   13.4199991       21.4189701    
   13.6399994       21.7396908    
   13.8599987       22.0594292    
   14.0799980       22.3781872    
   14.2999983       22.6959629    
   14.5199976       23.0127583    
   14.7399979       23.3285732    
   14.9599991       23.6434078    
   15.1799984       23.9572620    
   15.3999987       24.2701321    
   15.6199980       24.5820217    
   15.8399982       24.8929329    
   16.0599976       25.2028599    
   16.2799988       25.5118103    
   16.4999981       25.8197765    
   16.7199974       26.1267605    
   16.9399986       26.4327660    
   17.1599979       26.7377892    
   17.3799973       27.0418301    
   17.5999966       27.3448925    
   17.8199978       27.6469746    
   18.0399990       27.9480743    
   18.2599983       28.2481918    
   18.4799976       28.5473289    
   18.6999969       28.8454857    
   18.9199982       29.1426640    
   19.1399994       29.4388561    
   19.3599987       29.7340736    
   19.5799980       30.0283051    
   19.7999973       30.3215561    
   20.0199966       30.6138248    
   20.2399979       30.9051132    
   20.4599991       31.1954250    
   20.6799984       31.4847507    
   20.8999977       31.7730980    
   21.1199970       32.0604668    
   21.3399982       32.3468475    
   21.5599976       32.6322517    
   21.7799969       32.9166718    
   21.9999981       33.2001190    
   22.2199974       33.4825783    
   22.4399967       33.7640572    
   22.6599979       34.0445557    
   22.8799973       34.3240738    
   23.0999966       34.6026115    
   23.3199959       34.8801651    
   23.5399971       35.1567383    
   23.7599964       35.4323311    
   23.9799995       35.7069473    
   24.1999989       35.9805794    
   24.4199982       36.2532272    
   24.6399975       36.5248985    
   24.8599968       36.7955894    
   25.0799980       37.0652962    
   25.2999973       37.3340225    
   25.5199966       37.6017685    
   25.7399960       37.8685303    
   25.9599972       38.1343155    
   26.1799965       38.3991203    
   26.3999958       38.6629410    
   26.6199951       38.9257812    
   26.8399982       39.1876411    
   27.0599976       39.4485207    
   27.2799988       39.7084198    
   27.4999981       39.9673347    
   27.7199974       40.2252693    
   27.9399967       40.4822235    
   28.1599960       40.7381973    
   28.3799973       40.9931908    
   28.5999966       41.2472000    
   28.8199959       41.5002327    
   29.0399952       41.7522812    
   29.2599964       42.0033493    
   29.4799957       42.2534370    
   29.6999989       42.5025482    
   29.9199982       42.7506714    
   30.1399975       42.9978142    
   30.3599968       43.2439804    
   30.5799961       43.4891624    
   30.7999973       43.7333641    
   31.0199966       43.9765854    
   31.2399960       44.2188225    
   31.4599953       44.4600830    
   31.6799965       44.7003632    
   31.8999958       44.9396591    
   32.1199951       45.1779709    
   32.3399963       45.4153061    
   32.5599976       45.6516647    
   32.7799988       45.8870354    
   32.9999962       46.1214256    
   33.2199974       46.3548355    
   33.4399948       46.5872650    
   33.6599960       46.8187180    
   33.8799973       47.0491829    
   34.0999947       47.2786674    
   34.3199959       47.5071716    
   34.5399971       47.7346954    
   34.7599945       47.9612389    
   34.9799957       48.1868057    
   35.1999931       48.4113846    
   35.4199982       48.6349869    
   35.6399956       48.8576050    
   35.8599968       49.0792465    
   36.0799980       49.2999039    
   36.2999954       49.5195808    
   36.5199966       49.7382736    
   36.7399940       49.9559898    
   36.9599953       50.1727219    
   37.1799965       50.3884735    
   37.3999939       50.6032448    
   37.6199951       50.8170395    
   37.8399963       51.0298500    
   38.0599976       51.2416763    
   38.2799988       51.4525223    
   38.4999962       51.6623955    
   38.7199974       51.8712807    
   38.9399948       52.0791855    
   39.1599960       52.2861099    
   39.3799973       52.4920502    
   39.5999947       52.6970100    
   39.8199959       52.9009933    
   40.0399933       53.1039886    
   40.2599945       53.3060074    
   40.4799957       53.5070419    
   40.6999931       53.7070999    
   40.9199982       53.9061813    
   41.1399956       54.1042709    
   41.3599968       54.3013840    
   41.5799942       54.4975204    
   41.7999954       54.6926689    
   42.0199966       54.8868484    
   42.2399940       55.0800323    
   42.4599953       55.2722435    
   42.6799965       55.4634705    
   42.8999939       55.6537170    
   43.1199951       55.8429794    
   43.3399925       56.0312653    
   43.5599937       56.2185669    
   43.7799950       56.4048920    
   43.9999962       56.5902328    
   44.2199974       56.7745934    
   44.4399948       56.9579735    
   44.6599960       57.1403732    
   44.8799934       57.3217888    
   45.0999947       57.5022240    
   45.3199959       57.6816864    
   45.5399933       57.8601608    
   45.7599945       58.0376511    
   45.9799957       58.2141647    
   46.1999931       58.3896942    
   46.4199944       58.5642471    
   46.6399918       58.7378159    
   46.8599930       58.9104004    
   47.0799942       59.0820084    
   47.2999916       59.2526321    
   47.5199928       59.4222794    
   47.7399940       59.5909500    
   47.9599991       59.7586365    
   48.1799965       59.9253387    
   48.3999977       60.0910568    
   48.6199951       60.2557983    
   48.8399963       60.4195557    
   49.0599976       60.5823364    
   49.2799950       60.7441330    
   49.4999962       60.9049492    
   49.7199936       61.0647888    
   49.9399948       61.2236404    
   50.1599960       61.3815155    
   50.3799934       61.5384064    
   50.5999947       61.6943207    
   50.8199959       61.8492508    
   51.0399933       62.0031967    
   51.2599945       62.1561661    
   51.4799919       62.3081512    
   51.6999931       62.4591599    
   51.9199944       62.6091919    
   52.1399918       62.7582321    
   52.3599930       62.9062958    
   52.5799942       63.0533791    
   52.7999916       63.1994820    
   53.0199928       63.3446007    
   53.2399902       63.4887390    
   53.4599915       63.6318970    
   53.6799965       63.7740784    
   53.8999977       63.9152756    
   54.1199951       64.0554962    
   54.3399963       64.1947250    
   54.5599976       64.3329773    
   54.7799950       64.4702530    
   54.9999962       64.6065445    
   55.2199936       64.7418518    
   55.4399948       64.8761826    
   55.6599960       65.0095291    
   55.8799934       65.1418991    
   56.0999947       65.2732849    
   56.3199921       65.4036942    
   56.5399933       65.5331192    
   56.7599945       65.6615601    
   56.9799919       65.7890244    
   57.1999931       65.9155045    
   57.4199944       66.0410004    
   57.6399918       66.1655273    
   57.8599930       66.2890625    
   58.0799904       66.4116211    
   58.2999916       66.5331879    
   58.5199928       66.6537933    
   58.7399902       66.7734070    
   58.9599915       66.8920441    
   59.1799965       67.0096970    
   59.3999977       67.1263657    
   59.6199951       67.2420502    
   59.8399963       67.3567657    
   60.0599937       67.4704895    
   60.2799950       67.5832367    
   60.4999962       67.6950150    
   60.7199936       67.8058014    
   60.9399948       67.9156036    
   61.1599922       68.0244293    
   61.3799934       68.1322632    
   61.5999947       68.2391281    
   61.8199921       68.3450089    
   62.0399933       68.4499054    
   62.2599945       68.5538254    
   62.4799919       68.6567612    
   62.6999931       68.7587128    
   62.9199905       68.8596954    
   63.1399918       68.9596939    
   63.3599930       69.0587082    
   63.5799904       69.1567383    
   63.7999916       69.2537918    
   64.0199890       69.3498535    
   64.2399902       69.4449463    
   64.4599915       69.5390549    
   64.6799927       69.6321869    
   64.8999939       69.7243347    
   65.1199951       69.8155060    
   65.3399963       69.9056854    
   65.5599976       69.9948883    
   65.7799911       70.0831146    
   65.9999924       70.1703491    
   66.2199936       70.2566071    
   66.4399948       70.3418884    
   66.6599960       70.4261932    
   66.8799896       70.5095062    
   67.0999908       70.5918427    
   67.3199921       70.6732025    
   67.5399933       70.7535782    
   67.7599945       70.8329697    
   67.9799957       70.9113770    
   68.1999893       70.9888153    
   68.4199905       71.0652618    
   68.6399918       71.1407318    
   68.8599930       71.2152252    
   69.0799942       71.2887268    
   69.2999878       71.3612518    
   69.5199890       71.4328003    
   69.7399902       71.5033722    
   69.9599915       71.5729523    
   70.1799927       71.6415558    
   70.3999863       71.7091751    
   70.6199951       71.7758179    
   70.8399963       71.8414764    
   71.0599976       71.9061508    
   71.2799911       71.9698486    
   71.4999924       72.0325623    
   71.7199936       72.0943069    
   71.9399948       72.1550598    
   72.1599960       72.2148361    
   72.3799896       72.2736206    
   72.5999908       72.3314362    
   72.8199921       72.3882675    
   73.0399933       72.4441071    
   73.2599945       72.4989777    
   73.4799881       72.5528717    
   73.6999893       72.6057739    
   73.9199905       72.6576996    
   74.1399918       72.7086487    
   74.3599930       72.7586060    
   74.5799942       72.8075943    
   74.7999878       72.8555908    
   75.0199890       72.9026184    
   75.2399902       72.9486618    
   75.4599915       72.9937134    
   75.6799927       73.0377960    
   75.8999863       73.0808868    
   76.1199951       73.1230011    
   76.3399963       73.1641388    
   76.5599976       73.2042847    
   76.7799911       73.2434692    
   76.9999924       73.2816620    
   77.2199936       73.3188705    
   77.4399948       73.3551025    
   77.6599960       73.3903427    
   77.8799896       73.4246216    
   78.0999908       73.4579010    
   78.3199921       73.4902191    
   78.5399933       73.5215302    
   78.7599945       73.5518799    
   78.9799881       73.5812378    
   79.1999893       73.6096191    
   79.4199905       73.6370239    
   79.6399918       73.6634445    
   79.8599930       73.6888809    
   80.0799866       73.7133331    
   80.2999878       73.7368164    
   80.5199890       73.7593079    
   80.7399902       73.7808228    
   80.9599915       73.8013535    
   81.1799927       73.8209152    
   81.3999863       73.8394775    
   81.6199875       73.8570709    
   81.8399963       73.8736801    
   82.0599899       73.8893204    
   82.2799911       73.9039536    
   82.4999924       73.9176254    
   82.7199936       73.9303055    
   82.9399948       73.9420242    
   83.1599884       73.9527359    
   83.3799896       73.9624863    
   83.5999908       73.9712372    
   83.8199921       73.9790192    
   84.0399933       73.9858322    
   84.2599945       73.9916458    
   84.4799881       73.9964828    
   84.6999893       74.0003357    
   84.9199905       74.0032196    
   85.1399918       74.0051041    
   85.3599930       74.0060196    
   85.5799866       74.0059509    
   85.7999878       74.0049133    
   86.0199890       74.0028687    
   86.2399902       73.9998627    
   86.4599915       73.9958801    
   86.6799850       73.9908981    
   86.8999863       73.9849548    
   87.1199875       73.9780121    
   87.3399963       73.9700928    
   87.5599899       73.9612045    
   87.7799911       73.9513168    
   87.9999924       73.9404678    
   88.2199860       73.9286270    
   88.4399948       73.9158020    
   88.6599884       73.9020081    
   88.8799896       73.8872223    
   89.0999832       73.8714600    
   89.3199921       73.8547134    
   89.5399857       73.8369827    
   89.7599869       73.8182831    
   89.9799881       73.7985916    
   90.1999893       73.7779236    
   90.4199982       73.7562866    
   90.6399918       73.7336502    
   90.8599930       73.7100372    
   91.0799866       73.6854553    
   91.2999954       73.6598740    
   91.5199890       73.6333237    
   91.7399902       73.6057816    
   91.9599915       73.5772705    
   92.1799927       73.5477753    
   92.3999863       73.5172958    
   92.6199951       73.4858322    
   92.8399887       73.4533920    
   93.0599899       73.4199677    
   93.2799835       73.3855667    
   93.4999924       73.3501816    
   93.7199860       73.3138199    
   93.9399948       73.2764664    
   94.1599884       73.2381516    
   94.3799896       73.1988373    
   94.5999832       73.1585464    
   94.8199921       73.1172943    
   95.0399857       73.0750275    
   95.2599869       73.0318069    
   95.4799881       72.9876022    
   95.6999893       72.9424057    
   95.9199982       72.8962250    
   96.1399918       72.8490677    
   96.3599930       72.8009262    
   96.5799866       72.7518158    
   96.7999954       72.7017136    
   97.0199890       72.6506348    
   97.2399902       72.5985718    
   97.4599915       72.5455322    
   97.6799927       72.4915009    
   97.8999863       72.4365082    
   98.1199951       72.3805161    
   98.3399887       72.3235550    
   98.5599899       72.2656021    
   98.7799835       72.2066803    
   98.9999924       72.1467743    
   99.2199860       72.0858841    
   99.4399872       72.0240250    
   99.6599884       71.9611740    
   99.8799896       71.8973312    
   100.099983       71.8325272    
   100.319992       71.7667313    
   100.539986       71.6999512    
   100.759987       71.6321945    
   100.979980       71.5634613    
   101.199989       71.4937439    
   101.419991       71.4230347    
   101.639992       71.3513565    
   101.859993       71.2786942    
   102.079987       71.2050476    
   102.299995       71.1304245    
   102.519989       71.0548248    
   102.739990       70.9782333    
   102.959984       70.9006729    
   103.179993       70.8221207    
   103.399986       70.7425995    
   103.619995       70.6621017    
   103.839989       70.5806122    
   104.059990       70.4981308    
   104.279984       70.4146805    
   104.499992       70.3302460    
   104.719986       70.2448349    
   104.939987       70.1584396    
   105.159988       70.0710602    
   105.379990       69.9826965    
   105.599983       69.8933716    
   105.819992       69.8030472    
   106.039986       69.7117462    
   106.259987       69.6194611    
   106.479980       69.5261993    
   106.699989       69.4319458    
   106.919983       69.3367310    
   107.139992       69.2405243    
   107.359993       69.1433334    
   107.579987       69.0451660    
   107.799995       68.9460220    
   108.019989       68.8458939    
   108.239990       68.7447891    
   108.459984       68.6427002    
   108.679993       68.5396194    
   108.899986       68.4355698    
   109.119995       68.3305283    
   109.339989       68.2245255    
   109.559990       68.1175232    
   109.779984       68.0095444    
   109.999992       67.9005814    
   110.219986       67.7906494    
   110.439987       67.6797256    
   110.659981       67.5678253    
   110.879990       67.4549408    
   111.099983       67.3410721    
   111.319992       67.2262268    
   111.539986       67.1104126    
   111.759987       66.9935989    
   111.979980       66.8758087    
   112.199989       66.7570343    
   112.419983       66.6372986    
   112.639984       66.5165710    
   112.859993       66.3948669    
   113.079987       66.2721710    
   113.299995       66.1484833    
   113.519989       66.0238342    
   113.739990       65.8981934    
   113.959984       65.7715912    
   114.179993       65.6439819    
   114.399986       65.5154114    
   114.619987       65.3858490    
   114.839989       65.2553101    
   115.059990       65.1237793    
   115.279984       64.9912872    
   115.499992       64.8578033    
   115.719986       64.7233276    
   115.939987       64.5878754    
   116.159981       64.4514618    
   116.379990       64.3140564    
   116.599983       64.1756592    
   116.819992       64.0363007    
   117.039986       63.8959503    
   117.259987       63.7546234    
   117.479980       63.6123199    
   117.699989       63.4690247    
   117.919983       63.3247375    
   118.139984       63.1794891    
   118.359993       63.0332489    
   118.579987       62.8860321    
   118.799995       62.7378235    
   119.019989       62.5886536    
   119.239990       62.4384766    
   119.459984       62.2873535    
   119.679993       62.1352234    
   119.899986       61.9821167    
   120.119987       61.8280334    
   120.339989       61.6729736    
   120.559990       61.5169220    
   120.779984       61.3598938    
   120.999992       61.2019043    
   121.219986       61.0428925    
   121.439987       60.8829346    
   121.659981       60.7220001    
   121.879990       60.5600586    
   122.099983       60.3971405    
   122.319984       60.2332458    
   122.539986       60.0683746    
   122.759987       59.9025116    
   122.979980       59.7356873    
   123.199989       59.5678558    
   123.419983       59.3990631    
   123.639984       59.2292786    
   123.859978       59.0585175    
   124.079987       58.8867798    
   124.299988       58.7140503    
   124.519989       58.5403442    
   124.739990       58.3656464    
   124.959984       58.1899872    
   125.179993       58.0133362    
   125.399986       57.8357086    
   125.619987       57.6571198    
   125.839981       57.4775238    
   126.059990       57.2969513    
   126.279984       57.1154022    
   126.499992       56.9328613    
   126.719986       56.7493591    
   126.939987       56.5648499    
   127.159981       56.3793793    
   127.379990       56.1929169    
   127.599983       56.0054932    
   127.819984       55.8170624    
   128.039978       55.6276550    
   128.259995       55.4372711    
   128.479980       55.2459259    
   128.699982       55.0535736    
   128.919983       54.8602448    
   129.139984       54.6659393    
   129.359985       54.4706573    
   129.579987       54.2743835    
   129.799988       54.0771484    
   130.019989       53.8789062    
   130.239990       53.6797028    
   130.459991       53.4795074    
   130.679993       53.2783356    
   130.899979       53.0761871    
   131.119995       52.8730469    
   131.339981       52.6689453    
   131.559982       52.4638367    
   131.779984       52.2577667    
   131.999985       52.0507050    
   132.219986       51.8426666    
   132.439987       51.6336365    
   132.659988       51.4236450    
   132.879990       51.2126465    
   133.099976       51.0007019    
   133.319992       50.7877502    
   133.539978       50.5738220    
   133.759979       50.3589172    
   133.979980       50.1430206    
   134.199982       49.9261475    
   134.419983       49.7083130    
   134.639984       49.4894867    
   134.859985       49.2696838    
   135.079987       49.0488892    
   135.299988       48.8271027    
   135.519989       48.6043549    
   135.739990       48.3806152    
   135.959991       48.1558990    
   136.179993       47.9301910    
   136.399979       47.7035217    
   136.619995       47.4758606    
   136.839981       47.2472229    
   137.059982       47.0175934    
   137.279984       46.7870026    
   137.499985       46.5554047    
   137.719986       46.3228607    
   137.939987       46.0893097    
   138.159988       45.8547821    
   138.379990       45.6192627    
   138.599976       45.3827820    
   138.819992       45.1453094    
   139.039978       44.9068604    
   139.259979       44.6674347    
   139.479980       44.4270325    
   139.699982       44.1856232    
   139.919983       43.9432678    
   140.139984       43.6999054    
   140.359985       43.4555664    
   140.579987       43.2102509    
   140.799973       42.9639587    
   141.019989       42.7166595    
   141.239990       42.4684143    
   141.459991       42.2191620    
   141.679993       41.9689331    
   141.899979       41.7177429    
   142.119995       41.4655457    
   142.339981       41.2123871    
   142.559982       40.9582367    
   142.779984       40.7031097    
   142.999985       40.4469910    
   143.219986       40.1899109    
   143.439987       39.9318542    
   143.659988       39.6728058    
   143.879990       39.4127655    
   144.099976       39.1517639    
   144.319992       38.8897705    
   144.539978       38.6268005    
   144.759979       38.3628235    
   144.979980       38.0979156    
   145.199982       37.8319702    
   145.419983       37.5650787    
   145.639984       37.2971954    
   145.859985       37.0283356    
   146.079987       36.7584686    
   146.299973       36.4876862    
   146.519989       36.2158508    
   146.739990       35.9430695    
   146.959976       35.6693115    
   147.179993       35.3945465    
   147.399979       35.1188354    
   147.619995       34.8421173    
   147.839981       34.5644226    
   148.059982       34.2857666    
   148.279984       34.0061188    
   148.499985       33.7254486    
   148.719986       33.4438629    
   148.939987       33.1612549    
   149.159988       32.8776855    
   149.379990       32.5931244    
   149.599976       32.3075867    
   149.819992       32.0210876    
   150.039978       31.7335815    
   150.259979       31.4450989    
   150.479980       31.1556396    
   150.699982       30.8651886    
   150.919983       30.5737610    
   151.139984       30.2813721    
   151.359985       29.9879913    
   151.579987       29.6935883    
   151.799973       29.3982697    
   152.019989       29.1019287    
   152.239990       28.8046112    
   152.459976       28.5063324    
   152.679993       28.2070465    
   152.899979       27.9067993    
   153.119995       27.6055450    
   153.339981       27.3033447    
   153.559982       27.0001526    
   153.779984       26.6959839    
   153.999985       26.3908234    
   154.219986       26.0846863    
   154.439987       25.7775574    
   154.659973       25.4694519    
   154.879990       25.1603851    
   155.099976       24.8503265    
   155.319992       24.5392456    
   155.539978       24.2272491    
   155.759979       23.9142456    
   155.979980       23.6002502    
   156.199982       23.2852783    
   156.419983       22.9693298    
   156.639984       22.6524200    
   156.859985       22.3345184    
   157.079987       22.0155792    
   157.299973       21.6957092    
   157.519989       21.3748779    
   157.739990       21.0529938    
   157.959976       20.7302094    
   158.179993       20.4064026    
   158.399979       20.0816345    
   158.619980       19.7558899    
   158.839981       19.4291534    
   159.059982       19.1014099    
   159.279984       18.7727356    
   159.499985       18.4430237    
   159.719986       18.1123657    
   159.939987       17.7807312    
   160.159973       17.4480896    
   160.379990       17.1145020    
   160.599976       16.7799072    
   160.819992       16.4443054    
   161.039978       16.1077881    
   161.259979       15.7702637    
   161.479980       15.4317322    
   161.699982       15.0922546    
   161.919983       14.7517700    
   162.139984       14.4103088    
   162.359985       14.0679016    
   162.579987       13.7244568    
   162.799973       13.3800659    
   163.019989       13.0346985    
   163.239975       12.6883240    
   163.459976       12.3410034    
   163.679993       11.9926453    
   163.899979       11.6433411    
   164.119980       11.2930908    
   164.339981       10.9418335    
   164.559982       10.5895386    
   164.779984       10.2363281    
   164.999985       9.88211060    
   165.219986       9.52694702    
   165.439987       9.17074585    
   165.659973       8.81359863    
   165.879990       8.45550537    
   166.099976       8.09637451    
   166.319977       7.73626709    
   166.539978       7.37518311    
   166.759979       7.01315308    
   166.979980       6.65011597    
   167.199982       6.28607178    
   167.419983       5.92108154    
   167.639984       5.55508423    
   167.859970       5.18817139    
   168.079987       4.82022095    
   168.299973       4.45129395    
   168.519989       4.08139038    
   168.739975       3.71051025    
   168.959976       3.33862305    
   169.179993       2.96575928    
   169.399979       2.59194946    
   169.619980       2.21716309    
   169.839981       1.84136963    
   170.059982       1.46453857    
   170.279984       1.08682251    
   170.499985      0.708099365    
   170.719986      0.328369141    
   170.939987      -5.23376465E-02
